0
14
16
42
44
45
62
68
72
89
97
106
109
113
149
153
155
158
162
172
177
178
179
184
198
216
221
229
230
231
233
241
256
266
280
303
305
315
316
329
350
368
385
400
427
437
439
440
464
480
490
494
502
522
534
539
548
554
558
570
578
585
586
588
589
603
604
621
622
633
660
671
677
732
734
735
755
792
795
810
823
826
828
833
841
845
846
861
862
871
873
874
879
882
884
885
901
907
914
917
955
962
972
984
985
998
1014
1016
1032
1052
1058
1062
1068
1074
1081
1084
1108
1111
1112
1120
1127
1136
1148
1155
1161
1164
1167
1184
1192
1197
1198
1209
1219
1223
1277
1285
1300
1327
1328
1330
1332
1349
1362
1370
1377
1381
1383
1388
1390
1394
1401
1408
1425
1428
1442
1448
1453
1456
1465
1471
1478
1483
1490
1501
1506
1520
1522
1523
1537
1552
1573
1577
1581
1587
1605
1614
1620
1621
1628
1655
1656
1666
1673
1678
1682
1688
1690
1691
1693
1704
1709
1724
1736
1742
1765
1766
1778
1784
1789
1793
1799
1814
1815
1816
1826
1833
1838
1848
1850
1854
1861
1898
1900
1901
1906
1908
1910
1911
1916
1919
1922
1934
1935
1937
1945
1952
1957
1980
1988
2011
2022
2055
2062
2068
2074
2095
2099
2117
2127
2136
2155
2171
2188
2221
2222
2227
2231
2238
2241
2254
2264
2265
2271
2284
2285
2293
2295
2304
2306
2311
2332
2334
2346
2365
2373
2374
2382
2392
2419
2421
2453
2465
2467
2502
2509
2539
2546
2553
2562
2573
2581
2592
2603
2617
2618
2619
2633
2635
2648
2660
2677
2690
2703
2720
2724
2726
2727
2728
2738
2750
2752
2755
2758
2764
2767
2777
2779
2790
2792
2806
2823
2828
2829
2844
2845
2870
2892
2900
2904
2924
2928
2939
2949
2953
2962
2973
2974
2978
2993
3010
3012
3031
3036
3038
3043
3064
3082
3100
3131
3139
3140
3163
3189
3196
3215
3219
3236
3247
3249
3252
3271
3281
3301
3311
3321
3329
3330
3331
3337
3341
3344
3352
3370
3382
3395
3416
3421
3423
3427
3434
3437
3446
3450
3474
3480
3516
3531
3535
3560
3562
3568
3572
3580
3598
3599
3600
3626
3633
3656
3669
3676
3691
3692
3693
3698
3707
3715
3716
3734
3735
3753
3776
3777
3812
3829
3830
3832
3838
3842
3859
3890
3897
3902
3923
3925
3932
3938
3939
3945
3956
3959
3971
4000
4004
4009
4018
4020
4045
4051
4073
4076
4085
4094
4095
4118
4125
4129
4148
4150
4155
4159
4162
4181
4183
4188
4202
4205
4206
4212
4213
4214
4230
4244
4245
4246
4261
4264
4265
4273
4274
4286
4294
4303
4308
4324
4331
4345
4349
4361
4380
4397
4398
4409
4426
4441
4459
4485
4499
4500
4501
4510
4521
4530
4536
4549
4557
4564
4569
4587
4600
4613
4615
4617
4620
4629
4633
4639
4642
4645
4651
4654
4659
4663
4667
4672
4678
4684
4698
4709
4711
4712
4729
4744
4749
4751
4761
4770
4788
4799
4804
4809
4813
4819
4824
4837
4841
4846
4857
4869
4870
4892
4904
4921
4933
4934
4942
4949
4967
4971
4974
4980
4994
5043
5052
5068
5077
5087
5091
5098
5105
5144
5155
5177
5181
5183
5186
5196
5233
5236
5256
5260
5271
5282
5285
5307
5331
5340
5370
5385
5387
5397
5402
5409
5415
5422
5463
5470
5495
5512
5515
5523
5538
5560
5563
5582
5585
5594
5595
5616
5620
5636
5643
5698
5715
5716
5734
5738
5751
5761
5762
5778
5786
5790
5793
5797
5798
5809
5816
5824
5828
5841
5879
5884
5898
5904
5910
5911
5918
5933
5940
5952
5963
5967
5974
5981
5992
5998
6003
6004
6005
6011
6015
6035
6055
6059
6078
6084
6088
6089
6096
6101
6102
6105
6121
6136
6137
6158
6163
6177
6190
6208
6222
6231
6250
6256
6301
6323
6324
6335
6355
6379
6393
6410
6416
6420
6423
6426
6439
6440
6445
6452
6487
6493
6497
6503
6508
6526
6534
6554
6557
6562
6568
6587
6596
6603
6604
6608
6610
6611
6613
6614
6633
6649
6654
6664
6670
6672
6682
6692
6724
6727
6729
6735
6740
6748
6752
6759
6794
6795
6799
6806
6813
6821
6824
6839
6840
6842
6855
6868
6870
6882
6888
6907
6935
6939
6950
6974
6975
6983
6998
6999
7014
7024
7051
7066
7068
7072
7089
7090
7092
7121
7134
7141
7150
7153
7171
7182
7199
7207
7210
7211
7218
7224
7231
7261
7263
7284
7285
7302
7307
7335
7351
7368
7373
7375
7376
7392
7402
7404
7405
7429
7439
7440
7455
7463
7470
7479
7486
7487
7490
7497
7500
7505
7508
7510
7521
7525
7531
7536
7543
7558
7560
7566
7570
7573
7584
7592
7593
7618
7627
7648
7656
7677
7683
7708
7711
7738
7741
7753
7773
7779
7780
7781
7784
7792
7799
7802
7818
7828
7838
7841
7857
7864
7882
7890
7899
7901
7919
7929
7932
7935
7936
7957
7959
7963
7975
7984
7991
7998
7999
8007
8016
8024
8034
8038
8043
8078
8082
8104
8109
8124
8128
8149
8171
8172
8180
8196
8201
8207
8223
8227
8230
8239
8247
8259
8269
8270
8273
8283
8294
8296
8300
8305
8306
8311
8320
8325
8337
8357
8358
8367
8369
8380
8385
8395
8415
8428
8429
8437
8456
8474
8478
8498
8529
8545
8577
8585
8593
8599
8608
8612
8625
8627
8642
8651
8655
8657
8660
8665
8671
8703
8718
8754
8755
8791
8795
8801
8809
8813
8817
8818
8843
8864
8888
8889
8897
8901
8907
8915
8922
8923
8925
8948
8952
8957
8958
8973
8977
8985
8995
9008
9019
9023
9035
9062
9066
9073
9084
9085
9098
9103
9115
9117
9121
9122
9144
9152
9165
9197
9200
9223
9226
9265
9282
9291
9303
9304
9308
9309
9319
9320
9365
9380
9399
9409
9423
9435
9438
9460
9467
9473
9476
9478
9548
9570
9572
9586
9587
9597
9601
9603
9605
9607
9623
9646
9663
9668
9680
9701
9721
9732
9738
9747
9778
9796
9799
9803
9804
9814
9831
9834
9873
9874
9885
9886
9896
9911
9919
9931
9938
9945
9951
9959
9964
9966
9967
9968
9974
9984
9985
9986
10000
10003
10006
10011
10027
10028
10031
10049
10073
10076
10077
10082
10085
10094
10107
10111
10125
10128
10142
10146
10148
10150
10156
10173
10205
10211
10233
10240
10254
10268
10271
10274
10290
10291
10296
10297
10298
10304
10305
10316
10319
10322
10328
10329
10332
10338
10345
10362
10365
10367
10373
10403
10411
10416
10440
10451
10453
10461
10463
10472
10481
10484
10493
10508
10509
10517
10518
10522
10536
10541
10549
10564
10565
10586
10588
10592
10602
10609
10629
10631
10643
10653
10661
10665
10677
10679
10684
10697
10699
10701
10707
10731
10748
10756
10763
10766
10770
10779
10780
10782
10795
10800
10827
10829
10833
10837
10841
10862
10864
10883
10893
10903
10904
10951
10953
10965
10989
11004
11013
11046
11050
11052
11053
11067
11086
11087
11093
11102
11112
11116
11154
11169
11170
11180
11182
11220
11227
11228
11230
11243
11254
11260
11262
11264
11267
11288
11291
11293
11304
11305
11313
11323
11327
11331
11333
11347
11353
11356
11376
11398
11414
11432
11435
11442
11460
11461
11468
11472
11476
11477
11500
11534
11536
11540
11547
11559
11570
11580
11605
11611
11623
11628
11646
11648
11659
11677
11681
11684
11689
11699
11710
11753
11761
11773
11793
11804
11810
11816
11820
11848
11855
11861
11876
11877
11889
11898
11908
11917
11921
11924
11929
11961
11970
11973
11974
11981
11995
12005
12018
12028
12032
12037
12038
12040
12053
12060
12063
12067
12086
12109
12126
12127
12156
12159
12166
12179
12190
12192
12201
12235
12258
12262
12264
12285
12301
12308
12311
12315
12321
12323
12327
12338
12342
12343
12347
12349
12352
12365
12404
12421
12427
12435
12446
12452
12458
12471
12499
12511
12515
12529
12530
12533
12547
12559
12575
12579
12580
12581
12582
12592
12607
12608
12613
12624
12659
12663
12670
12671
12686
12692
12695
12705
12726
12727
12728
12740
12757
12763
12768
12773
12785
12799
12813
12818
12823
12826
12849
12850
12861
12893
12906
12907
12931
12933
12954
12973
12974
12991
12994
13010
13051
13064
13075
13108
13109
13119
13131
13140
13158
13164
13173
13176
13182
13189
13202
13204
13216
13224
13229
13231
13233
13258
13268
13270
13275
13290
13293
13294
13304
13311
13322
13333
13343
13345
13350
13354
13359
13368
13369
13371
13375
13397
13407
13409
13429
13454
13485
13488
13491
13516
13524
13537
13580
13585
13594
13604
13610
13635
13641
13642
13655
13678
13695
13697
13700
13706
13707
13713
13723
13726
13762
13766
13775
13785
13787
13794
13804
13814
13856
13863
13872
13875
13885
13928
13943
13968
13978
13983
13987
14037
14038
14041
14046
14058
14073
14077
14091
14102
14110
14143
14145
14146
14179
14186
14227
14236
14242
14246
14265
14266
14285
14323
14344
14352
14355
14358
14359
14381
14386
14400
14409
14429
14433
14440
14481
14488
14497
14501
14521
14532
14536
14542
14551
14552
14571
14588
14609
14622
14623
14631
14634
14640
14660
14678
14686
14711
14712
14716
14720
14734
14746
14756
14764
14799
14825
14841
14856
14896
14923
14933
14945
14951
14965
14966
14976
14978
14982
14983
14985
15005
15021
15040
15041
15052
15055
15066
15069
15078
15094
15098
15119
15142
15144
15150
15158
15178
15182
15191
15194
15195
15210
15214
15221
15227
15245
15257
15280
15290
15310
15316
15321
15325
15341
15354
15355
15362
15363
15366
15367
15371
15376
15397
15404
15422
15450
15459
15466
15471
15473
15475
15485
15502
15504
15507
15514
15518
15521
15562
15585
15595
15602
15613
15619
15620
15627
15634
15636
15637
15647
15648
15650
15672
15680
15692
15713
15747
15750
15767
15774
15775
15797
15819
15830
15843
15849
15861
15870
15896
15898
15899
15912
15917
15924
15926
15947
15952
15964
15965
15969
15988
15989
16023
16024
16026
16040
16041
16071
16076
16083
16089
16106
16128
16132
16155
16157
16162
16166
16177
16195
16206
16208
16209
16210
16221
16224
16232
16237
16256
16263
16267
16268
16292
16295
16346
16357
16363
16369
16371
16421
16428
16435
16441
16458
16472
16498
16527
16537
16572
16578
16581
16590
16592
16594
16624
16630
16631
16633
16636
16645
16646
16657
16666
16668
16678
16697
16698
16704
16738
16741
16751
16752
16759
16773
16778
16819
16829
16849
16850
16856
16864
16867
16868
16880
16884
16888
16892
16893
16900
16903
16906
16909
16912
16914
16918
16921
16928
16929
16932
16941
16943
16963
16975
17010
17016
17029
17037
17038
17050
17064
17081
17094
17098
17111
17144
17155
17166
17168
17173
17188
17209
17216
17225
17235
17236
17238
17258
17262
17275
17285
17286
17293
17306
17323
17328
17344
17346
17355
17361
17366
17372
17377
17383
17398
17401
17404
17418
17427
17446
17451
17457
17466
17478
17497
17505
17521
17525
17527
17532
17536
17542
17566
17570
17593
17620
17641
17642
17679
17680
17683
17696
17699
17710
17714
17717
17726
17736
17743
17757
17766
17767
17768
17780
17785
17805
17813
17819
17823
17830
17852
17865
17873
17874
17883
17889
17894
17902
17904
17911
17913
17914
17924
17928
17937
17949
17951
17972
17973
17985
17991
18010
18017
18022
18025
18044
18053
18065
18092
18099
18101
18110
18115
18123
18129
18160
18165
18183
18185
18211
18212
18226
18243
18254
18270
18291
18300
18322
18328
18333
18335
18336
18350
18356
18357
18360
18361
18363
18371
18375
18379
18386
18388
18390
18402
18407
18408
18415
18428
18450
18461
18505
18509
18512
18561
18589
18617
18649
18654
18666
18671
18702
18711
18713
18715
18719
18731
18732
18748
18774
18794
18795
18806
18810
18827
18830
18841
18850
18864
18891
18946
18957
18976
19005
19010
19022
19031
19039
19065
19066
19071
19086
19100
19108
19119
19135
19142
19147
19155
19185
19202
19213
19221
19242
19246
19254
19258
19261
19262
19273
19288
19298
19309
19314
19317
19318
19328
19331
19336
19352
19370
19371
19375
19378
19382
19385
19394
19428
19429
19431
19445
19450
19463
19470
19499
19503
19504
19507
19519
19528
19537
19539
19545
19547
19548
19568
19578
19583
19605
19623
19627
19648
19649
19657
19660
19678
19692
19693
19701
19705
19711
19722
19725
19726
19743
19749
19759
19762
19767
19779
19788
19806
19809
19832
19842
19853
19871
19896
19897
19898
19908
19915
19922
19929
19948
19949
19957
19980
19984
19988
19999
20027
20045
20059
20069
20078
20083
20084
20096
20100
20102
20105
20114
20117
20127
20132
20155
20173
20181
20191
20198
20204
20208
20215
20219
20228
20235
20242
20261
20279
20285
20294
20304
20318
20330
20333
20340
20389
20399
20407
20416
20425
20450
20454
20455
20461
20482
20483
20495
20498
20517
20525
20528
20531
20533
20555
20570
20578
20585
20602
20607
20612
20621
20622
20627
20631
20637
20639
20652
20669
20708
20726
20739
20749
20759
20762
20770
20797
20826
20854
20857
20862
20871
20879
20885
20887
20893
20910
20915
20928
20933
20939
20951
20978
20996
21001
21032
21036
21039
21049
21066
21075
21079
21119
21129
21156
21157
21160
21168
21177
21181
21191
21196
21204
21220
21234
21265
21275
21277
21279
21283
21289
21290
21295
21299
21326
21374
21394
21408
21413
21414
21418
21439
21447
21454
21456
21457
21476
21481
21483
21492
21497
21504
21517
21539
21555
21558
21562
21572
21598
21608
21684
21691
21692
21701
21732
21735
21736
21744
21751
21771
21809
21810
21813
21815
21825
21855
21862
21870
21890
21896
21904
21907
21928
21932
21947
21969
21970
21977
21978
21991
22011
22018
22025
22027
22028
22044
22059
22061
22083
22084
22102
22104
22107
22131
22170
22181
22186
22200
22201
22216
22221
22241
22269
22277
22283
22284
22288
22306
22321
22330
22343
22346
22364
22373
22380
22388
22391
22398
22401
22405
22416
22432
22439
22442
22443
22452
22453
22457
22459
22472
22473
22474
22478
22485
22527
22530
22554
22555
22557
22565
22586
22588
22590
22619
22645
22670
22679
22680
22681
22686
22724
22741
22747
22773
22802
22803
22817
22818
22822
22823
22893
22902
22920
22931
22943
22948
22959
22963
22969
22995
23005
23006
23031
23036
23042
23056
23057
23059
23064
23067
23072
23073
23077
23088
23104
23111
23115
23116
23117
23119
23138
23156
23162
23165
23185
23188
23196
23206
23232
23235
23237
23239
23240
23257
23266
23274
23298
23310
23344
23348
23362
23367
23377
23386
23415
23420
23428
23431
23439
23446
23449
23460
23484
23490
23494
23521
23554
23574
23581
23598
23599
23650
23666
23675
23677
23698
23700
23705
23711
23712
23715
23738
23741
23755
23757
23792
23797
23798
23803
23805
23834
23840
23854
23905
23913
23915
23940
23944
23959
23964
23967
23977
23983
23988
24005
24016
24023
24039
24044
24055
24059
24073
24074
24089
24106
24107
24134
24138
24142
24143
24152
24185
24187
24189
24218
24222
24225
24227
24233
24257
24299
24300
24303
24316
24320
24323
24325
24327
24336
24349
24350
24366
24371
24373
24383
24389
24394
24417
24424
24484
24486
24489
24502
24506
24507
24512
24545
24554
24557
24562
24571
24589
24596
24618
24624
24625
24642
24647
24652
24675
24678
24696
24703
24732
24735
24743
24746
24747
24748
24755
24757
24758
24771
24777
24796
24800
24816
24826
24846
24865
24866
24869
24871
24883
24890
24892
24894
24902
24908
24914
24923
24932
24942
24944
24946
24960
24961
24974
25005
25007
25013
25021
25031
25046
25047
25060
25068
25087
25091
25096
25121
25129
25153
25156
25160
25168
25192
25201
25207
25212
25213
25220
25221
25222
25225
25239
25253
25265
25269
25273
25289
25291
25296
25299
25304
25314
25316
25325
25331
25336
25339
25353
25362
25378
25383
25384
25388
25390
25414
25422
25424
25426
25433
25461
25469
25508
25529
25535
25567
25580
25582
25584
25594
25596
25603
25617
25622
25631
25639
25646
25647
25648
25656
25682
25691
25708
25718
25737
25739
25743
25758
25763
25771
25775
25785
25804
25808
25819
25830
25840
25854
25862
25866
25868
25875
25880
25896
25919
25923
25931
25938
25939
25953
25967
25969
25970
25977
26003
26009
26011
26015
26016
26033
26085
26102
26106
26109
26114
26117
26120
26136
26140
26141
26164
26169
26182
26184
26225
26229
26236
26248
26249
26250
26274
26287
26289
26323
26330
26334
26335
26344
26345
26346
26357
26371
26385
26390
26391
26397
26420
26431
26433
26450
26451
26469
26470
26481
26488
26496
26506
26508
26516
26518
26526
26567
26597
26604
26605
26607
26609
26631
26632
26637
26646
26659
26665
26685
26697
26698
26716
26727
26733
26735
26741
26742
26748
26772
26791
26794
26800
26801
26804
26818
26821
26855
26887
26891
26892
26918
26930
26942
26945
26958
26961
26963
26984
26993
26996
27002
27006
27015
27017
27030
27035
27045
27062
27068
27087
27100
27103
27107
27112
27124
27126
27129
27136
27139
27150
27159
27216
27247
27259
27275
27295
27318
27335
27336
27341
27348
27353
27357
27376
27380
27394
27397
27404
27408
27409
27414
27420
27422
27431
27438
27439
27449
27451
27473
27480
27483
27484
27489
27494
27523
27525
27528
27535
27537
27542
27559
